$ANSIBLE_VAULT;1.1;AES256
64303163653461643233623865333065653737316633333530623332323830316134626362663361
6237643362363735393736313132616433613862376639360a653236653333336266626435626539
30313061396534666637313831353366343862376663346534386366323537343230353262313033
3364343066373634370a326263346665323331366465356533333963306663353966353437626233
38326463613434363938326634653535313330646631303835306631626231346436303032373965
35633661303338646265623863373334323661373561646365653363326231373966636337323636
33656335353162643232386331336137373163313837616261623534653464373664643533663063
61383162393161616637306430313437393335396538306431316332633930626665306234623933
63636433653636633532353037656637666338623439353730343530363864363236376535663064
32373863303830613037306237373934666530336233363063363439383333343739633632663534
31643764383938366430303832383232623537663461363634363163366437363936366363316531
39376138383263656562636333666333303464386264376561303461633661316634656662326132
37323631653462366530626438643534303263393435663936633434626266626265646561663135
34386436366439326338346537343238366537643166633364663232363138363330366531316330
35356465333036346439353265643333363163663430656533303565323231636636633134346539
61393261336133623662623138333135396262366164363265376131623939336135653265633335
64376136363736643861306533663231383131616566306261353432363730326263306362343431
34383136386232373736643863666330383434643736346637643865616432393239353337646638
38313534306238343437656565306439393965333934323166623763306635623936326265633338
65343336653135653334363631313864653038303562636265373534343061336265633432613039
37396336396235333134633830356262363366653438363764393837373233383835306531306636
66323166373931343731363536326633623538333965613364306363653235386139646437656630
633333366139663530333439373562346533
